Using TensorFlow backend.
[94mObteniendo datos...[0m
[91m[ERROR] SE FILTRAN LAS REVIEWS DE LOS RESTAURANTES[0m
[91m[ERROR] SE FILTRAN LAS REVIEWS DE LOS USUARIOS[0m
[93m[AVISO] 	Usuarios: 563[0m
[93m[AVISO] 	Restaurantes: 570[0m
[93m[AVISO] Cargando datos generados previamente...[0m
[94mCreando modelo...[0m


##################################################
 MODELV6
##################################################
 modelv60 Básico
##################################################
[93m[AVISO] Existen 11 combinaciones posibles[0m
--------------------------------------------------
a04b6b303c1653d06eb145239a1bbb4a
--------------------------------------------------
[1mlearning_rate: [0m0.1
[1mdropout: [0m1.0
--------------------------------------------------
E	E_TIME	LDECAY	L_LOSS
0	 0.491	 1.001	 4.776
1	 0.186	 0.991	 5.372
2	 0.192	 0.980	 5.363
3	 0.185	 0.969	 5.358
4	 0.189	 0.957	 5.356
5	 0.191	 0.945	 5.356
6	 0.186	 0.933	 5.354
7	 0.193	 0.920	 5.354
8	 0.296	 0.907	 5.354
9	 0.190	 0.893	 5.354
10	 0.193	 0.879	 5.354
11	 0.191	 0.865	 5.354
12	 0.187	 0.850	 5.354
13	 0.192	 0.835	 5.354
14	 0.194	 0.820	 5.354
15	 0.191	 0.805	 5.354
16	 0.194	 0.789	 5.354
17	 0.190	 0.773	 5.354
18	 0.188	 0.757	 5.354
19	 0.195	 0.741	 5.354
20	 0.195	 0.725	 5.354
21	 0.194	 0.708	 5.354
22	 0.192	 0.692	 5.354
23	 0.191	 0.675	 5.354
24	 0.194	 0.658	 5.354
25	 0.199	 0.641	 5.354
26	 0.192	 0.624	 5.354
27	 0.192	 0.607	 5.354
28	 0.194	 0.590	 5.354
29	 0.197	 0.574	 5.354
30	 0.195	 0.557	 5.354
31	 0.196	 0.540	 5.354
32	 0.196	 0.523	 5.354
33	 0.199	 0.507	 5.354
34	 0.197	 0.490	 5.354
35	 0.196	 0.474	 5.354
36	 0.200	 0.457	 5.354
37	 0.199	 0.441	 5.354
38	 0.200	 0.425	 5.354
39	 0.197	 0.409	 5.354
40	 0.201	 0.394	 5.354
41	 0.199	 0.378	 5.354
42	 0.204	 0.363	 5.354
43	 0.201	 0.348	 5.354
44	 0.201	 0.333	 5.354
45	 0.204	 0.319	 5.354
46	 0.214	 0.305	 5.354
47	 0.204	 0.291	 5.354
48	 0.197	 0.277	 5.354
49	 0.202	 0.264	 5.354
50	 0.196	 0.251	 5.354
51	 0.203	 0.238	 5.354
52	 0.203	 0.226	 5.354
53	 0.202	 0.214	 5.354
54	 0.203	 0.202	 5.354
55	 0.204	 0.191	 5.354
56	 0.200	 0.180	 5.354
57	 0.199	 0.169	 5.354
58	 0.202	 0.159	 5.354
59	 0.202	 0.149	 5.354
60	 0.204	 0.139	 5.354
61	 0.203	 0.130	 5.354
62	 0.206	 0.121	 5.354
63	 0.200	 0.113	 5.354
64	 0.204	 0.104	 5.354
65	 0.207	 0.097	 5.354
66	 0.207	 0.089	 5.354
67	 0.202	 0.082	 5.354
68	 0.209	 0.075	 5.354
69	 0.206	 0.069	 5.354
70	 0.208	 0.063	 5.354
71	 0.206	 0.057	 5.354
72	 0.203	 0.052	 5.354
73	 0.205	 0.047	 5.354
74	 0.210	 0.042	 5.354
75	 0.209	 0.038	 5.354
76	 0.207	 0.034	 5.354
77	 0.210	 0.030	 5.354
78	 0.199	 0.026	 5.354
79	 0.209	 0.023	 5.354
80	 0.207	 0.020	 5.354
81	 0.210	 0.017	 5.354
82	 0.214	 0.015	 5.354
83	 0.207	 0.013	 5.354
84	 0.211	 0.011	 5.354
85	 0.208	 0.009	 5.354
86	 0.209	 0.008	 5.354
87	 0.207	 0.006	 5.354
88	 0.211	 0.005	 5.354
89	 0.212	 0.004	 5.354
90	 0.215	 0.003	 5.354
91	 0.211	 0.003	 5.354
92	 0.212	 0.002	 5.354
93	 0.216	 0.002	 5.354
94	 0.215	 0.002	 5.354
95	 0.213	 0.001	 5.354
96	 0.221	 0.001	 5.354
97	 0.198	 0.001	 5.354
98	 0.203	 0.001	 5.354
99	 1.055	 0.001	 5.354	48.511	47.000
--------------------------------------------------
26645212b0d7769b910653e2e6303a32
--------------------------------------------------
[1mlearning_rate: [0m0.05
[1mdropout: [0m1.0
--------------------------------------------------
E	E_TIME	LDECAY	L_LOSS
0	 0.486	 1.001	 3.986
1	 0.189	 0.991	 4.638
2	 0.192	 0.980	 4.538
3	 0.190	 0.969	 4.448
4	 0.195	 0.957	 4.408
5	 0.190	 0.945	 4.391
6	 0.193	 0.933	 4.369
7	 0.186	 0.920	 4.353
8	 0.190	 0.907	 4.349
9	 0.188	 0.893	 4.346
10	 0.193	 0.879	 4.342
11	 0.190	 0.865	 4.340
12	 0.192	 0.850	 4.340
13	 0.199	 0.835	 4.339
14	 0.195	 0.820	 4.338
15	 0.190	 0.805	 4.333
16	 0.191	 0.789	 4.326
17	 0.196	 0.773	 4.310
18	 0.193	 0.757	 4.312
19	 0.193	 0.741	 4.330
20	 0.196	 0.725	 4.329
21	 0.191	 0.708	 4.327
22	 0.193	 0.692	 4.326
23	 0.192	 0.675	 4.325
24	 0.198	 0.658	 4.322
25	 0.197	 0.641	 4.318
26	 0.177	 0.624	 4.316
27	 0.185	 0.607	 4.316
28	 0.198	 0.590	 4.316
29	 0.192	 0.574	 4.316
30	 0.192	 0.557	 4.316
31	 0.197	 0.540	 4.315
32	 0.199	 0.523	 4.315
33	 0.195	 0.507	 4.315
34	 0.198	 0.490	 4.316
35	 0.202	 0.474	 4.315
36	 0.202	 0.457	 4.315
37	 0.199	 0.441	 4.315
38	 0.200	 0.425	 4.315
39	 0.200	 0.409	 4.315
40	 0.194	 0.394	 4.315
41	 0.195	 0.378	 4.315
42	 0.202	 0.363	 4.315
43	 0.198	 0.348	 4.315
44	 0.205	 0.333	 4.315
45	 0.201	 0.319	 4.315
46	 0.202	 0.305	 4.315
47	 0.201	 0.291	 4.315
48	 0.205	 0.277	 4.315
49	 0.203	 0.264	 4.315
50	 0.198	 0.251	 4.315
51	 0.200	 0.238	 4.315
52	 0.227	 0.226	 4.315
53	 0.202	 0.214	 4.315
54	 0.203	 0.202	 4.315
55	 0.199	 0.191	 4.315
56	 0.211	 0.180	 4.315
57	 0.203	 0.169	 4.315
58	 0.206	 0.159	 4.315
59	 0.206	 0.149	 4.315
60	 0.202	 0.139	 4.315
61	 0.207	 0.130	 4.315
62	 0.203	 0.121	 4.315
63	 0.206	 0.113	 4.315
64	 0.206	 0.104	 4.315
65	 0.210	 0.097	 4.315
66	 0.196	 0.089	 4.315
67	 0.208	 0.082	 4.315
68	 0.208	 0.075	 4.315
69	 0.206	 0.069	 4.315
70	 0.202	 0.063	 4.315
71	 0.210	 0.057	 4.315
72	 0.204	 0.052	 4.315
73	 0.207	 0.047	 4.315
74	 0.210	 0.042	 4.315
75	 0.208	 0.038	 4.315
76	 0.212	 0.034	 4.315
77	 0.209	 0.030	 4.315
78	 0.196	 0.026	 4.315
79	 0.205	 0.023	 4.315
80	 0.211	 0.020	 4.315
81	 0.208	 0.017	 4.315
82	 0.212	 0.015	 4.315
83	 0.212	 0.013	 4.315
84	 0.210	 0.011	 4.315
85	 0.211	 0.009	 4.315
86	 0.312	 0.008	 4.315
87	 0.211	 0.006	 4.315
88	 0.212	 0.005	 4.315
89	 0.210	 0.004	 4.315
90	 0.213	 0.003	 4.315
91	 0.211	 0.003	 4.315
92	 0.213	 0.002	 4.315
93	 0.211	 0.002	 4.315
94	 0.211	 0.002	 4.315
95	 0.214	 0.001	 4.315
96	 0.210	 0.001	 4.315
97	 0.216	 0.001	 4.315
98	 0.215	 0.001	 4.315
99	 1.062	 0.001	 4.315	49.118	50.000
--------------------------------------------------
7d81bb6891fcddf65189452d2d48eb9d
--------------------------------------------------
[1mlearning_rate: [0m0.01
[1mdropout: [0m1.0
--------------------------------------------------
E	E_TIME	LDECAY	L_LOSS
0	 0.526	 1.001	 1.555
1	 0.191	 0.991	 1.137
2	 0.191	 0.980	 0.850
3	 0.187	 0.969	 0.726
4	 0.195	 0.957	 0.620
5	 0.191	 0.945	 0.541
6	 0.189	 0.933	 0.485
7	 0.190	 0.920	 0.443
8	 0.194	 0.907	 0.412
9	 0.192	 0.893	 0.388
10	 0.192	 0.879	 0.369
11	 0.194	 0.865	 0.355
12	 0.190	 0.850	 0.340
13	 0.186	 0.835	 0.329
14	 0.195	 0.820	 0.312
15	 0.192	 0.805	 0.301
16	 0.193	 0.789	 0.294
17	 0.191	 0.773	 0.289
18	 0.188	 0.757	 0.285
19	 0.193	 0.741	 0.282
20	 0.196	 0.725	 0.279
21	 0.191	 0.708	 0.277
22	 0.193	 0.692	 0.275
23	 0.200	 0.675	 0.273
24	 0.193	 0.658	 0.270
25	 0.197	 0.641	 0.269
26	 0.195	 0.624	 0.267
27	 0.194	 0.607	 0.266
28	 0.195	 0.590	 0.264
29	 0.195	 0.574	 0.263
30	 0.197	 0.557	 0.262
31	 0.197	 0.540	 0.261
32	 0.195	 0.523	 0.261
33	 0.201	 0.507	 0.260
34	 0.200	 0.490	 0.260
35	 0.354	 0.474	 0.259
36	 0.197	 0.457	 0.259
37	 0.199	 0.441	 0.259
38	 0.201	 0.425	 0.258
39	 0.201	 0.409	 0.258
40	 0.202	 0.394	 0.258
41	 0.202	 0.378	 0.258
42	 0.205	 0.363	 0.257
43	 0.197	 0.348	 0.257
44	 0.198	 0.333	 0.257
45	 0.192	 0.319	 0.257
46	 0.202	 0.305	 0.256
47	 0.202	 0.291	 0.256
48	 0.202	 0.277	 0.256
49	 0.203	 0.264	 0.256
50	 0.201	 0.251	 0.256
51	 0.208	 0.238	 0.256
52	 0.204	 0.226	 0.256
53	 0.209	 0.214	 0.256
54	 0.203	 0.202	 0.256
55	 0.206	 0.191	 0.255
56	 0.201	 0.180	 0.255
57	 0.189	 0.169	 0.255
58	 0.199	 0.159	 0.255
59	 0.206	 0.149	 0.255
60	 0.207	 0.139	 0.255
61	 0.203	 0.130	 0.255
62	 0.208	 0.121	 0.255
63	 0.206	 0.113	 0.255
64	 0.209	 0.104	 0.255
65	 0.204	 0.097	 0.255
66	 0.207	 0.089	 0.255
67	 0.208	 0.082	 0.255
68	 0.210	 0.075	 0.255
69	 0.209	 0.069	 0.255
70	 0.206	 0.063	 0.255
71	 0.212	 0.057	 0.255
72	 0.210	 0.052	 0.255
73	 0.209	 0.047	 0.255
74	 0.210	 0.042	 0.255
75	 0.208	 0.038	 0.255
76	 0.210	 0.034	 0.255
77	 0.208	 0.030	 0.255
78	 0.210	 0.026	 0.255
79	 0.204	 0.023	 0.255
80	 0.206	 0.020	 0.255
81	 0.211	 0.017	 0.255
82	 0.215	 0.015	 0.255
83	 0.209	 0.013	 0.255
84	 0.211	 0.011	 0.255
85	 0.211	 0.009	 0.254
86	 0.217	 0.008	 0.254
87	 0.213	 0.006	 0.254
88	 0.210	 0.005	 0.254
89	 0.217	 0.004	 0.254
90	 0.214	 0.003	 0.254
91	 0.210	 0.003	 0.254
92	 0.214	 0.002	 0.254
93	 0.216	 0.002	 0.254
94	 0.216	 0.002	 0.254
95	 0.216	 0.001	 0.254
96	 0.213	 0.001	 0.254
97	 0.213	 0.001	 0.254
98	 0.216	 0.001	 0.254
99	 1.033	 0.001	 0.254	49.040	50.000
--------------------------------------------------
26645212b0d7769b910653e2e6303a32
--------------------------------------------------
[1mlearning_rate: [0m0.05
[1mdropout: [0m1.0
--------------------------------------------------
E	E_TIME	LDECAY	L_LOSS
0	 0.651	 1.001	 3.986
1	 0.197	 0.991	 4.638
2	 0.194	 0.980	 4.538
3	 0.191	 0.969	 4.448
4	 0.194	 0.957	 4.408
5	 0.191	 0.945	 4.391
6	 0.189	 0.933	 4.369
7	 0.191	 0.920	 4.353
8	 0.192	 0.907	 4.349
9	 0.198	 0.893	 4.346
10	 0.193	 0.879	 4.342
11	 0.193	 0.865	 4.340
12	 0.194	 0.850	 4.340
13	 0.191	 0.835	 4.339
14	 0.193	 0.820	 4.338
15	 0.190	 0.805	 4.333
16	 0.190	 0.789	 4.326
17	 0.191	 0.773	 4.310
18	 0.193	 0.757	 4.312
19	 0.198	 0.741	 4.330
20	 0.194	 0.725	 4.329
21	 0.194	 0.708	 4.326
22	 0.194	 0.692	 4.323
23	 0.193	 0.675	 4.321
24	 0.197	 0.658	 4.321
25	 0.199	 0.641	 4.321
26	 0.198	 0.624	 4.319
27	 0.198	 0.607	 4.314
28	 0.197	 0.590	 4.314
29	 0.196	 0.574	 4.314
30	 0.199	 0.557	 4.314
31	 0.197	 0.540	 4.314
32	 0.196	 0.523	 4.314
33	 0.198	 0.507	 4.314
34	 0.197	 0.490	 4.314
35	 0.198	 0.474	 4.314
36	 0.203	 0.457	 4.314
37	 0.195	 0.441	 4.314
38	 0.197	 0.425	 4.314
39	 0.198	 0.409	 4.314
40	 0.203	 0.394	 4.314
41	 0.207	 0.378	 4.314
42	 0.203	 0.363	 4.314
43	 0.207	 0.348	 4.314
44	 0.201	 0.333	 4.314
45	 0.203	 0.319	 4.314
46	 0.198	 0.305	 4.314
47	 0.205	 0.291	 4.314
48	 0.200	 0.277	 4.314
49	 0.200	 0.264	 4.314
50	 0.203	 0.251	 4.314
51	 0.201	 0.238	 4.314
52	 0.202	 0.226	 4.314
53	 0.205	 0.214	 4.314
54	 0.203	 0.202	 4.314
55	 0.204	 0.191	 4.314
56	 0.209	 0.180	 4.314
57	 0.208	 0.169	 4.314
58	 0.205	 0.159	 4.314
59	 0.206	 0.149	 4.314
60	 0.202	 0.139	 4.314
61	 0.207	 0.130	 4.314
62	 0.206	 0.121	 4.314
63	 0.207	 0.113	 4.314
64	 0.208	 0.104	 4.314
65	 0.206	 0.097	 4.314
66	 0.204	 0.089	 4.314
67	 0.208	 0.082	 4.314
68	 0.206	 0.075	 4.314
69	 0.212	 0.069	 4.314
70	 0.206	 0.063	 4.314
71	 0.205	 0.057	 4.314
72	 0.211	 0.052	 4.314
73	 0.209	 0.047	 4.314
74	 0.208	 0.042	 4.314
75	 0.209	 0.038	 4.314
76	 0.214	 0.034	 4.314
77	 0.212	 0.030	 4.314
78	 0.205	 0.026	 4.314
79	 0.210	 0.023	 4.314
80	 0.212	 0.020	 4.314
81	 0.206	 0.017	 4.314
82	 0.211	 0.015	 4.314
83	 0.213	 0.013	 4.314
84	 0.209	 0.011	 4.314
85	 0.212	 0.009	 4.314
86	 0.238	 0.008	 4.314
87	 0.222	 0.006	 4.314
88	 0.205	 0.005	 4.314
89	 0.214	 0.004	 4.314
90	 0.213	 0.003	 4.314
91	 0.209	 0.003	 4.314
92	 0.216	 0.002	 4.314
93	 0.215	 0.002	 4.314
94	 0.214	 0.002	 4.314
95	 0.215	 0.001	 4.314
96	 0.217	 0.001	 4.314
97	 0.212	 0.001	 4.314
98	 0.221	 0.001	 4.314
99	 1.056	 0.001	 4.314	49.110	50.000
--------------------------------------------------
2ce6a09470a5e49af72a3110fb5fdd5d
--------------------------------------------------
[1mlearning_rate: [0m0.001
[1mdropout: [0m1.0
--------------------------------------------------
E	E_TIME	LDECAY	L_LOSS
0	 0.496	 1.001	 2.090
1	 0.189	 0.991	 1.368
2	 0.194	 0.980	 1.092
3	 0.193	 0.969	 0.910
4	 0.210	 0.957	 0.786
5	 0.186	 0.945	 0.698
6	 0.193	 0.933	 0.634
7	 0.190	 0.920	 0.591
8	 0.191	 0.907	 0.559
9	 0.195	 0.893	 0.534
10	 0.190	 0.879	 0.514
11	 0.193	 0.865	 0.500
12	 0.193	 0.850	 0.487
13	 0.193	 0.835	 0.477
14	 0.189	 0.820	 0.468
15	 0.189	 0.805	 0.458
16	 0.194	 0.789	 0.450
17	 0.193	 0.773	 0.442
18	 0.195	 0.757	 0.434
19	 0.193	 0.741	 0.427
20	 0.195	 0.725	 0.419
21	 0.192	 0.708	 0.412
22	 0.191	 0.692	 0.404
23	 0.196	 0.675	 0.397
24	 0.199	 0.658	 0.390
25	 0.197	 0.641	 0.383
26	 0.194	 0.624	 0.375
27	 0.195	 0.607	 0.369
28	 0.196	 0.590	 0.362
29	 0.198	 0.574	 0.356
30	 0.195	 0.557	 0.349
31	 0.201	 0.540	 0.342
32	 0.202	 0.523	 0.336
33	 0.196	 0.507	 0.330
34	 0.189	 0.490	 0.324
35	 0.197	 0.474	 0.318
36	 0.200	 0.457	 0.313
37	 0.196	 0.441	 0.307
38	 0.200	 0.425	 0.303
39	 0.203	 0.409	 0.297
40	 0.200	 0.394	 0.293
41	 0.199	 0.378	 0.288
42	 0.198	 0.363	 0.284
43	 0.201	 0.348	 0.279
44	 0.195	 0.333	 0.276
45	 0.199	 0.319	 0.272
46	 0.202	 0.305	 0.268
47	 0.198	 0.291	 0.264
48	 0.209	 0.277	 0.261
49	 0.200	 0.264	 0.258
50	 0.202	 0.251	 0.255
51	 0.199	 0.238	 0.252
52	 0.203	 0.226	 0.250
53	 0.201	 0.214	 0.247
54	 0.196	 0.202	 0.245
55	 0.205	 0.191	 0.242
56	 0.204	 0.180	 0.241
57	 0.234	 0.169	 0.239
58	 0.198	 0.159	 0.237
59	 0.203	 0.149	 0.235
60	 0.205	 0.139	 0.233
61	 0.200	 0.130	 0.232
62	 0.208	 0.121	 0.230
63	 0.203	 0.113	 0.229
64	 0.203	 0.104	 0.228
65	 0.209	 0.097	 0.227
66	 0.204	 0.089	 0.226
67	 0.207	 0.082	 0.225
68	 0.204	 0.075	 0.224
69	 0.211	 0.069	 0.223
70	 0.204	 0.063	 0.222
71	 0.212	 0.057	 0.222
72	 0.205	 0.052	 0.221
73	 0.208	 0.047	 0.221
74	 0.366	 0.042	 0.220
75	 0.212	 0.038	 0.220
76	 0.214	 0.034	 0.219
77	 0.211	 0.030	 0.219
78	 0.214	 0.026	 0.219
79	 0.210	 0.023	 0.218
80	 0.211	 0.020	 0.218
81	 0.212	 0.017	 0.218
82	 0.207	 0.015	 0.218
83	 0.211	 0.013	 0.217
84	 0.209	 0.011	 0.217
85	 0.209	 0.009	 0.217
86	 0.309	 0.008	 0.217
87	 0.224	 0.006	 0.217
88	 0.214	 0.005	 0.217
89	 0.219	 0.004	 0.217
90	 0.216	 0.003	 0.217
91	 0.216	 0.003	 0.217
92	 0.220	 0.002	 0.217
93	 0.212	 0.002	 0.217
94	 0.214	 0.002	 0.217
95	 0.218	 0.001	 0.217
96	 0.216	 0.001	 0.217
97	 0.217	 0.001	 0.217
98	 0.218	 0.001	 0.217
99	 1.050	 0.001	 0.217	47.042	44.000
--------------------------------------------------
37d0321f5893f27994735c2da7375649
--------------------------------------------------
[1mlearning_rate: [0m0.0005
[1mdropout: [0m1.0
--------------------------------------------------
E	E_TIME	LDECAY	L_LOSS
0	 0.504	 1.001	 2.184
1	 0.192	 0.991	 1.638
2	 0.189	 0.980	 1.426
3	 0.192	 0.969	 1.263
4	 0.188	 0.957	 1.137
5	 0.192	 0.945	 1.034
6	 0.192	 0.933	 0.948
7	 0.190	 0.920	 0.877
8	 0.195	 0.907	 0.816
9	 0.190	 0.893	 0.765
10	 0.193	 0.879	 0.720
11	 0.188	 0.865	 0.683
12	 0.196	 0.850	 0.651
13	 0.193	 0.835	 0.623
14	 0.195	 0.820	 0.601
15	 0.197	 0.805	 0.582
16	 0.192	 0.789	 0.565
17	 0.192	 0.773	 0.549
18	 0.195	 0.757	 0.537
19	 0.194	 0.741	 0.526
20	 0.190	 0.725	 0.516
21	 0.195	 0.708	 0.508
22	 0.193	 0.692	 0.501
23	 0.354	 0.675	 0.495
24	 0.199	 0.658	 0.489
25	 0.190	 0.641	 0.484
26	 0.195	 0.624	 0.479
27	 0.198	 0.607	 0.475
28	 0.197	 0.590	 0.471
29	 0.197	 0.574	 0.467
30	 0.200	 0.557	 0.464
31	 0.227	 0.540	 0.460
32	 0.198	 0.523	 0.457
33	 0.205	 0.507	 0.454
34	 0.198	 0.490	 0.451
35	 0.200	 0.474	 0.449
36	 0.200	 0.457	 0.446
37	 0.199	 0.441	 0.444
38	 0.197	 0.425	 0.442
39	 0.201	 0.409	 0.439
40	 0.200	 0.394	 0.437
41	 0.204	 0.378	 0.435
42	 0.199	 0.363	 0.433
43	 0.207	 0.348	 0.431
44	 0.203	 0.333	 0.429
45	 0.197	 0.319	 0.427
46	 0.197	 0.305	 0.425
47	 0.203	 0.291	 0.423
48	 0.206	 0.277	 0.422
49	 0.208	 0.264	 0.420
50	 0.202	 0.251	 0.419
51	 0.200	 0.238	 0.417
52	 0.211	 0.226	 0.416
53	 0.202	 0.214	 0.415
54	 0.203	 0.202	 0.414
55	 0.199	 0.191	 0.412
56	 0.209	 0.180	 0.411
57	 0.203	 0.169	 0.410
58	 0.205	 0.159	 0.409
59	 0.202	 0.149	 0.408
60	 0.205	 0.139	 0.407
61	 0.204	 0.130	 0.407
62	 0.204	 0.121	 0.406
63	 0.212	 0.113	 0.405
64	 0.212	 0.104	 0.404
65	 0.211	 0.097	 0.404
66	 0.206	 0.089	 0.403
67	 0.208	 0.082	 0.403
68	 0.205	 0.075	 0.402
69	 0.204	 0.069	 0.402
70	 0.206	 0.063	 0.401
71	 0.209	 0.057	 0.401
72	 0.205	 0.052	 0.401
73	 0.214	 0.047	 0.400
74	 0.204	 0.042	 0.400
75	 0.207	 0.038	 0.400
76	 0.212	 0.034	 0.399
77	 0.207	 0.030	 0.399
78	 0.213	 0.026	 0.399
79	 0.210	 0.023	 0.399
80	 0.211	 0.020	 0.399
81	 0.213	 0.017	 0.399
82	 0.212	 0.015	 0.398
83	 0.216	 0.013	 0.398
84	 0.226	 0.011	 0.398
85	 0.214	 0.009	 0.398
86	 0.210	 0.008	 0.398
87	 0.214	 0.006	 0.398
88	 0.213	 0.005	 0.398
89	 0.211	 0.004	 0.398
90	 0.207	 0.003	 0.398
91	 0.214	 0.003	 0.398
92	 0.214	 0.002	 0.398
93	 0.212	 0.002	 0.398
94	 0.213	 0.002	 0.398
95	 0.211	 0.001	 0.398
96	 0.215	 0.001	 0.398
97	 0.203	 0.001	 0.398
98	 0.215	 0.001	 0.398
99	 1.062	 0.001	 0.398	46.124	43.000
--------------------------------------------------
b574d7dc087168584fe64cb3a7d47398
--------------------------------------------------
[1mlearning_rate: [0m0.0001
[1mdropout: [0m1.0
--------------------------------------------------
E	E_TIME	LDECAY	L_LOSS
0	 0.484	 1.001	 2.271
1	 0.193	 0.991	 1.939
2	 0.191	 0.980	 1.871
3	 0.192	 0.969	 1.808
4	 0.193	 0.957	 1.750
5	 0.190	 0.945	 1.697
6	 0.186	 0.933	 1.647
7	 0.188	 0.920	 1.601
8	 0.189	 0.907	 1.558
9	 0.191	 0.893	 1.518
10	 0.192	 0.879	 1.481
11	 0.194	 0.865	 1.445
12	 0.190	 0.850	 1.412
13	 0.198	 0.835	 1.381
14	 0.191	 0.820	 1.351
15	 0.223	 0.805	 1.323
16	 0.189	 0.789	 1.297
17	 0.191	 0.773	 1.271
18	 0.194	 0.757	 1.248
19	 0.197	 0.741	 1.225
20	 0.191	 0.725	 1.204
21	 0.192	 0.708	 1.183
22	 0.194	 0.692	 1.164
23	 0.194	 0.675	 1.145
24	 0.196	 0.658	 1.128
25	 0.193	 0.641	 1.111
26	 0.196	 0.624	 1.095
27	 0.197	 0.607	 1.080
28	 0.199	 0.590	 1.066
29	 0.193	 0.574	 1.052
30	 0.198	 0.557	 1.039
31	 0.202	 0.540	 1.027
32	 0.198	 0.523	 1.015
33	 0.204	 0.507	 1.003
34	 0.201	 0.490	 0.993
35	 0.200	 0.474	 0.982
36	 0.193	 0.457	 0.973
37	 0.200	 0.441	 0.963
38	 0.203	 0.425	 0.955
39	 0.198	 0.409	 0.946
40	 0.204	 0.394	 0.938
41	 0.201	 0.378	 0.931
42	 0.203	 0.363	 0.923
43	 0.202	 0.348	 0.916
44	 0.198	 0.333	 0.910
45	 0.204	 0.319	 0.904
46	 0.198	 0.305	 0.898
47	 0.199	 0.291	 0.892
48	 0.205	 0.277	 0.887
49	 0.203	 0.264	 0.882
50	 0.201	 0.251	 0.877
51	 0.199	 0.238	 0.873
52	 0.202	 0.226	 0.869
53	 0.203	 0.214	 0.865
54	 0.206	 0.202	 0.861
55	 0.201	 0.191	 0.857
56	 0.209	 0.180	 0.854
57	 0.202	 0.169	 0.851
58	 0.196	 0.159	 0.848
59	 0.207	 0.149	 0.845
60	 0.205	 0.139	 0.843
61	 0.207	 0.130	 0.840
62	 0.204	 0.121	 0.838
63	 0.202	 0.113	 0.836
64	 0.210	 0.104	 0.834
65	 0.201	 0.097	 0.832
66	 0.205	 0.089	 0.830
67	 0.210	 0.082	 0.829
68	 0.212	 0.075	 0.827
69	 0.197	 0.069	 0.826
70	 0.210	 0.063	 0.825
71	 0.209	 0.057	 0.824
72	 0.211	 0.052	 0.823
73	 0.212	 0.047	 0.822
74	 0.205	 0.042	 0.821
75	 0.212	 0.038	 0.820
76	 0.206	 0.034	 0.820
77	 0.209	 0.030	 0.819
78	 0.206	 0.026	 0.819
79	 0.212	 0.023	 0.818
80	 0.222	 0.020	 0.818
81	 0.210	 0.017	 0.817
82	 0.212	 0.015	 0.817
83	 0.211	 0.013	 0.817
84	 0.208	 0.011	 0.817
85	 0.207	 0.009	 0.816
86	 0.216	 0.008	 0.816
87	 0.209	 0.006	 0.816
88	 0.211	 0.005	 0.816
89	 0.205	 0.004	 0.816
90	 0.210	 0.003	 0.816
91	 0.212	 0.003	 0.816
92	 0.214	 0.002	 0.816
93	 0.214	 0.002	 0.816
94	 0.210	 0.002	 0.816
95	 0.212	 0.001	 0.816
96	 0.218	 0.001	 0.816
97	 0.212	 0.001	 0.816
98	 0.216	 0.001	 0.816
99	 1.154	 0.001	 0.816	38.513	30.000
--------------------------------------------------
d72a233d36790a5a3db3452fc1b714f9
--------------------------------------------------
[1mlearning_rate: [0m5e-05
[1mdropout: [0m1.0
--------------------------------------------------
E	E_TIME	LDECAY	L_LOSS
0	 0.491	 1.001	 2.282
1	 0.190	 0.991	 1.985
2	 0.192	 0.980	 1.948
3	 0.189	 0.969	 1.913
4	 0.193	 0.957	 1.879
5	 0.197	 0.945	 1.847
6	 0.184	 0.933	 1.817
7	 0.188	 0.920	 1.787
8	 0.187	 0.907	 1.760
9	 0.189	 0.893	 1.733
10	 0.192	 0.879	 1.708
11	 0.195	 0.865	 1.684
12	 0.193	 0.850	 1.660
13	 0.187	 0.835	 1.638
14	 0.193	 0.820	 1.617
15	 0.194	 0.805	 1.597
16	 0.192	 0.789	 1.577
17	 0.189	 0.773	 1.558
18	 0.191	 0.757	 1.540
19	 0.190	 0.741	 1.523
20	 0.195	 0.725	 1.507
21	 0.195	 0.708	 1.491
22	 0.199	 0.692	 1.476
23	 0.201	 0.675	 1.461
24	 0.195	 0.658	 1.447
25	 0.195	 0.641	 1.433
26	 0.192	 0.624	 1.420
27	 0.192	 0.607	 1.408
28	 0.198	 0.590	 1.396
29	 0.196	 0.574	 1.385
30	 0.196	 0.557	 1.374
31	 0.198	 0.540	 1.363
32	 0.198	 0.523	 1.353
33	 0.195	 0.507	 1.343
34	 0.197	 0.490	 1.334
35	 0.199	 0.474	 1.325
36	 0.198	 0.457	 1.317
37	 0.200	 0.441	 1.309
38	 0.194	 0.425	 1.301
39	 0.192	 0.409	 1.294
40	 0.198	 0.394	 1.286
41	 0.200	 0.378	 1.280
42	 0.199	 0.363	 1.273
43	 0.199	 0.348	 1.267
44	 0.204	 0.333	 1.261
45	 0.202	 0.319	 1.255
46	 0.200	 0.305	 1.250
47	 0.205	 0.291	 1.245
48	 0.200	 0.277	 1.240
49	 0.350	 0.264	 1.235
50	 0.207	 0.251	 1.231
51	 0.200	 0.238	 1.227
52	 0.202	 0.226	 1.223
53	 0.204	 0.214	 1.219
54	 0.202	 0.202	 1.216
55	 0.208	 0.191	 1.212
56	 0.203	 0.180	 1.209
57	 0.205	 0.169	 1.206
58	 0.207	 0.159	 1.203
59	 0.206	 0.149	 1.201
60	 0.203	 0.139	 1.198
61	 0.204	 0.130	 1.196
62	 0.203	 0.121	 1.194
63	 0.208	 0.113	 1.192
64	 0.203	 0.104	 1.190
65	 0.202	 0.097	 1.188
66	 0.209	 0.089	 1.187
67	 0.207	 0.082	 1.185
68	 0.211	 0.075	 1.184
69	 0.209	 0.069	 1.183
70	 0.205	 0.063	 1.182
71	 0.208	 0.057	 1.181
72	 0.204	 0.052	 1.180
73	 0.212	 0.047	 1.179
74	 0.211	 0.042	 1.178
75	 0.211	 0.038	 1.177
76	 0.210	 0.034	 1.177
77	 0.213	 0.030	 1.176
78	 0.229	 0.026	 1.176
79	 0.204	 0.023	 1.175
80	 0.206	 0.020	 1.175
81	 0.213	 0.017	 1.175
82	 0.210	 0.015	 1.174
83	 0.209	 0.013	 1.174
84	 0.212	 0.011	 1.174
85	 0.211	 0.009	 1.174
86	 0.211	 0.008	 1.174
87	 0.213	 0.006	 1.173
88	 0.212	 0.005	 1.173
89	 0.212	 0.004	 1.173
90	 0.212	 0.003	 1.173
91	 0.214	 0.003	 1.173
92	 0.215	 0.002	 1.173
93	 0.215	 0.002	 1.173
94	 0.209	 0.002	 1.173
95	 0.214	 0.001	 1.173
96	 0.225	 0.001	 1.173
97	 0.215	 0.001	 1.173
98	 0.221	 0.001	 1.173
99	 1.060	 0.001	 1.173	38.651	30.000
--------------------------------------------------
76808af13b379efa46f7ec6440f5fc84
--------------------------------------------------
[1mlearning_rate: [0m1e-05
[1mdropout: [0m1.0
--------------------------------------------------
E	E_TIME	LDECAY	L_LOSS
0	 0.637	 1.001	 2.292
1	 0.195	 0.991	 2.024
2	 0.190	 0.980	 2.016
3	 0.184	 0.969	 2.008
4	 0.193	 0.957	 2.000
5	 0.194	 0.945	 1.993
6	 0.190	 0.933	 1.985
7	 0.195	 0.920	 1.978
8	 0.195	 0.907	 1.970
9	 0.189	 0.893	 1.963
10	 0.191	 0.879	 1.956
11	 0.193	 0.865	 1.949
12	 0.187	 0.850	 1.943
13	 0.193	 0.835	 1.936
14	 0.193	 0.820	 1.930
15	 0.192	 0.805	 1.924
16	 0.196	 0.789	 1.918
17	 0.201	 0.773	 1.912
18	 0.196	 0.757	 1.906
19	 0.208	 0.741	 1.900
20	 0.192	 0.725	 1.895
21	 0.206	 0.708	 1.890
22	 0.199	 0.692	 1.885
23	 0.196	 0.675	 1.880
24	 0.195	 0.658	 1.875
25	 0.195	 0.641	 1.870
26	 0.198	 0.624	 1.865
27	 0.197	 0.607	 1.861
28	 0.192	 0.590	 1.857
29	 0.197	 0.574	 1.853
30	 0.193	 0.557	 1.848
31	 0.201	 0.540	 1.845
32	 0.199	 0.523	 1.841
33	 0.201	 0.507	 1.837
34	 0.203	 0.490	 1.834
35	 0.198	 0.474	 1.830
36	 0.201	 0.457	 1.827
37	 0.200	 0.441	 1.824
38	 0.201	 0.425	 1.821
39	 0.201	 0.409	 1.818
40	 0.199	 0.394	 1.815
41	 0.202	 0.378	 1.813
42	 0.202	 0.363	 1.810
43	 0.196	 0.348	 1.807
44	 0.201	 0.333	 1.805
45	 0.204	 0.319	 1.803
46	 0.203	 0.305	 1.801
47	 0.201	 0.291	 1.799
48	 0.200	 0.277	 1.797
49	 0.203	 0.264	 1.795
50	 0.203	 0.251	 1.793
51	 0.201	 0.238	 1.791
52	 0.206	 0.226	 1.790
53	 0.205	 0.214	 1.788
54	 0.202	 0.202	 1.787
55	 0.205	 0.191	 1.785
56	 0.207	 0.180	 1.784
57	 0.205	 0.169	 1.783
58	 0.204	 0.159	 1.782
59	 0.200	 0.149	 1.781
60	 0.204	 0.139	 1.780
61	 0.207	 0.130	 1.779
62	 0.205	 0.121	 1.778
63	 0.206	 0.113	 1.777
64	 0.209	 0.104	 1.776
65	 0.208	 0.097	 1.776
66	 0.204	 0.089	 1.775
67	 0.205	 0.082	 1.774
68	 0.209	 0.075	 1.774
69	 0.196	 0.069	 1.773
70	 0.194	 0.063	 1.773
71	 0.205	 0.057	 1.773
72	 0.208	 0.052	 1.772
73	 0.208	 0.047	 1.772
74	 0.209	 0.042	 1.772
75	 0.205	 0.038	 1.771
76	 0.210	 0.034	 1.771
77	 0.213	 0.030	 1.771
78	 0.218	 0.026	 1.771
79	 0.213	 0.023	 1.770
80	 0.213	 0.020	 1.770
81	 0.210	 0.017	 1.770
82	 0.216	 0.015	 1.770
83	 0.208	 0.013	 1.770
84	 0.208	 0.011	 1.770
85	 0.214	 0.009	 1.770
86	 0.213	 0.008	 1.770
87	 0.211	 0.006	 1.770
88	 0.214	 0.005	 1.770
89	 0.209	 0.004	 1.770
90	 0.207	 0.003	 1.770
91	 0.212	 0.003	 1.769
92	 0.214	 0.002	 1.769
93	 0.218	 0.002	 1.769
94	 0.211	 0.002	 1.769
95	 0.212	 0.001	 1.769
96	 0.214	 0.001	 1.769
97	 0.213	 0.001	 1.769
98	 0.217	 0.001	 1.769
99	 1.044	 0.001	 1.769	43.012	40.000
--------------------------------------------------
70a60f55da492b9fa41eceb17578a5ef
--------------------------------------------------
[1mlearning_rate: [0m5e-06
[1mdropout: [0m1.0
--------------------------------------------------
E	E_TIME	LDECAY	L_LOSS
0	 0.490	 1.001	 2.293
1	 0.189	 0.991	 2.029
2	 0.197	 0.980	 2.025
3	 0.193	 0.969	 2.021
4	 0.185	 0.957	 2.017
5	 0.192	 0.945	 2.013
6	 0.193	 0.933	 2.009
7	 0.194	 0.920	 2.005
8	 0.193	 0.907	 2.001
9	 0.190	 0.893	 1.998
10	 0.190	 0.879	 1.994
11	 0.194	 0.865	 1.990
12	 0.189	 0.850	 1.987
13	 0.191	 0.835	 1.983
14	 0.199	 0.820	 1.980
15	 0.196	 0.805	 1.977
16	 0.190	 0.789	 1.973
17	 0.190	 0.773	 1.970
18	 0.178	 0.757	 1.967
19	 0.170	 0.741	 1.964
20	 0.191	 0.725	 1.961
21	 0.194	 0.708	 1.958
22	 0.199	 0.692	 1.955
23	 0.195	 0.675	 1.953
24	 0.198	 0.658	 1.950
25	 0.194	 0.641	 1.947
26	 0.197	 0.624	 1.945
27	 0.191	 0.607	 1.942
28	 0.192	 0.590	 1.940
29	 0.197	 0.574	 1.938
30	 0.193	 0.557	 1.935
31	 0.196	 0.540	 1.933
32	 0.197	 0.523	 1.931
33	 0.205	 0.507	 1.929
34	 0.196	 0.490	 1.927
35	 0.198	 0.474	 1.925
36	 0.200	 0.457	 1.923
37	 0.203	 0.441	 1.922
38	 0.204	 0.425	 1.920
39	 0.200	 0.409	 1.918
40	 0.201	 0.394	 1.917
41	 0.199	 0.378	 1.915
42	 0.197	 0.363	 1.914
43	 0.201	 0.348	 1.912
44	 0.201	 0.333	 1.911
45	 0.204	 0.319	 1.910
46	 0.202	 0.305	 1.909
47	 0.201	 0.291	 1.907
48	 0.202	 0.277	 1.906
49	 0.203	 0.264	 1.905
50	 0.194	 0.251	 1.904
51	 0.204	 0.238	 1.903
52	 0.200	 0.226	 1.902
53	 0.208	 0.214	 1.901
54	 0.197	 0.202	 1.901
55	 0.207	 0.191	 1.900
56	 0.200	 0.180	 1.899
57	 0.203	 0.169	 1.898
58	 0.202	 0.159	 1.898
59	 0.208	 0.149	 1.897
60	 0.207	 0.139	 1.897
61	 0.206	 0.130	 1.896
62	 0.205	 0.121	 1.896
63	 0.204	 0.113	 1.895
64	 0.206	 0.104	 1.895
65	 0.203	 0.097	 1.894
66	 0.219	 0.089	 1.894
67	 0.206	 0.082	 1.894
68	 0.205	 0.075	 1.893
69	 0.213	 0.069	 1.893
70	 0.199	 0.063	 1.893
71	 0.205	 0.057	 1.893
72	 0.207	 0.052	 1.892
73	 0.208	 0.047	 1.892
74	 0.204	 0.042	 1.892
75	 0.212	 0.038	 1.892
76	 0.372	 0.034	 1.892
77	 0.209	 0.030	 1.892
78	 0.214	 0.026	 1.891
79	 0.254	 0.023	 1.891
80	 0.210	 0.020	 1.891
81	 0.206	 0.017	 1.891
82	 0.212	 0.015	 1.891
83	 0.213	 0.013	 1.891
84	 0.214	 0.011	 1.891
85	 0.213	 0.009	 1.891
86	 0.209	 0.008	 1.891
87	 0.207	 0.006	 1.891
88	 0.206	 0.005	 1.891
89	 0.218	 0.004	 1.891
90	 0.221	 0.003	 1.891
91	 0.216	 0.003	 1.891
92	 0.219	 0.002	 1.891
93	 0.222	 0.002	 1.891
94	 0.211	 0.002	 1.891
95	 0.213	 0.001	 1.891
96	 0.885	 0.001	 1.891
97	 0.293	 0.001	 1.891
98	 0.223	 0.001	 1.891
99	 1.067	 0.001	 1.891	46.196	43.000
--------------------------------------------------
a48e99c073d81432f6c417d383ce5c17
--------------------------------------------------
[1mlearning_rate: [0m1e-06
[1mdropout: [0m1.0
--------------------------------------------------
E	E_TIME	LDECAY	L_LOSS
0	 0.526	 1.001	 2.294
1	 0.193	 0.991	 2.033
2	 0.191	 0.980	 2.032
3	 0.192	 0.969	 2.031
4	 0.199	 0.957	 2.030
5	 0.184	 0.945	 2.029
6	 0.184	 0.933	 2.029
7	 0.187	 0.920	 2.028
8	 0.195	 0.907	 2.027
9	 0.191	 0.893	 2.026
10	 0.191	 0.879	 2.026
11	 0.188	 0.865	 2.025
12	 0.195	 0.850	 2.024
13	 0.194	 0.835	 2.023
14	 0.189	 0.820	 2.023
15	 0.192	 0.805	 2.022
16	 0.192	 0.789	 2.021
17	 0.196	 0.773	 2.021
18	 0.191	 0.757	 2.020
19	 0.196	 0.741	 2.019
20	 0.202	 0.725	 2.019
21	 0.191	 0.708	 2.018
22	 0.190	 0.692	 2.017
23	 0.214	 0.675	 2.017
24	 0.342	 0.658	 2.016
25	 0.213	 0.641	 2.016
26	 0.202	 0.624	 2.015
27	 0.196	 0.607	 2.015
28	 0.202	 0.590	 2.014
29	 0.198	 0.574	 2.013
30	 0.220	 0.557	 2.013
31	 0.189	 0.540	 2.013
32	 0.195	 0.523	 2.012
33	 0.207	 0.507	 2.012
34	 0.204	 0.490	 2.011
35	 0.196	 0.474	 2.011
36	 0.197	 0.457	 2.010
37	 0.201	 0.441	 2.010
38	 0.204	 0.425	 2.010
39	 0.210	 0.409	 2.009
40	 0.198	 0.394	 2.009
41	 0.210	 0.378	 2.008
42	 0.205	 0.363	 2.008
43	 0.199	 0.348	 2.008
44	 0.201	 0.333	 2.008
45	 0.208	 0.319	 2.007
46	 0.214	 0.305	 2.007
47	 0.209	 0.291	 2.007
48	 0.204	 0.277	 2.006
49	 0.200	 0.264	 2.006
50	 0.210	 0.251	 2.006
51	 0.197	 0.238	 2.006
52	 0.206	 0.226	 2.006
53	 0.203	 0.214	 2.005
54	 0.206	 0.202	 2.005
55	 0.207	 0.191	 2.005
56	 0.207	 0.180	 2.005
57	 0.205	 0.169	 2.005
58	 0.202	 0.159	 2.005
59	 0.210	 0.149	 2.004
60	 0.204	 0.139	 2.004
61	 0.209	 0.130	 2.004
62	 0.205	 0.121	 2.004
63	 0.204	 0.113	 2.004
64	 0.208	 0.104	 2.004
65	 0.214	 0.097	 2.004
66	 0.211	 0.089	 2.004
67	 0.205	 0.082	 2.004
68	 0.213	 0.075	 2.004
69	 0.211	 0.069	 2.003
70	 0.215	 0.063	 2.003
71	 0.211	 0.057	 2.003
72	 0.205	 0.052	 2.003
73	 0.215	 0.047	 2.003
74	 0.204	 0.042	 2.003
75	 0.213	 0.038	 2.003
76	 0.227	 0.034	 2.003
77	 0.211	 0.030	 2.003
78	 0.212	 0.026	 2.003
79	 0.233	 0.023	 2.003
80	 0.212	 0.020	 2.003
81	 0.210	 0.017	 2.003
82	 0.211	 0.015	 2.003
83	 0.230	 0.013	 2.003
84	 0.213	 0.011	 2.003
85	 0.217	 0.009	 2.003
86	 0.217	 0.008	 2.003
87	 0.214	 0.006	 2.003
88	 0.213	 0.005	 2.003
89	 0.224	 0.004	 2.003
90	 0.218	 0.003	 2.003
91	 0.234	 0.003	 2.003
92	 0.217	 0.002	 2.003
93	 0.216	 0.002	 2.003
94	 0.216	 0.002	 2.003
95	 0.221	 0.001	 2.003
96	 0.217	 0.001	 2.003
97	 0.218	 0.001	 2.003
98	 0.335	 0.001	 2.003
99	 1.045	 0.001	 2.003	49.741	49.000
